1
 -0.156574
 -0.276248
-0.0214822
-0.09651304 -0.98063636 0.17040411
0.99226232 -0.08135994 0.09378725
-0.07810712 0.17813727 0.98090081
0.08785717
2
 -0.156574
 -0.276248
-0.0214822
-0.09651304 -0.98063636 0.17040411
0.99226232 -0.08135994 0.09378725
-0.07810712 0.17813727 0.98090081
0.08785717
3
 -0.156574
 -0.276248
-0.0214822
-0.09651304 -0.98063636 0.17040411
0.99226232 -0.08135994 0.09378725
-0.07810712 0.17813727 0.98090081
0.08785717
4
 -0.156574
 -0.276248
-0.0214822
-0.09651304 -0.98063636 0.17040411
0.99226232 -0.08135994 0.09378725
-0.07810712 0.17813727 0.98090081
0.08785717
5
 -0.156574
 -0.276248
-0.0214822
-0.09651304 -0.98063636 0.17040411
0.99226232 -0.08135994 0.09378725
-0.07810712 0.17813727 0.98090081
0.08785717
6
 -0.156574
 -0.276248
-0.0214822
-0.09651304 -0.98063636 0.17040411
0.99226232 -0.08135994 0.09378725
-0.07810712 0.17813727 0.98090081
0.08785717
7
 -0.156574
 -0.276248
-0.0214822
-0.09651304 -0.98063636 0.17040411
0.99226232 -0.08135994 0.09378725
-0.07810712 0.17813727 0.98090081
0.08785717
8
 -0.156574
 -0.276248
-0.0214822
-0.09651304 -0.98063636 0.17040411
0.99226232 -0.08135994 0.09378725
-0.07810712 0.17813727 0.98090081
0.08785717
9
 -0.156574
 -0.276248
-0.0214822
-0.09651304 -0.98063636 0.17040411
0.99226232 -0.08135994 0.09378725
-0.07810712 0.17813727 0.98090081
0.08785717
10
 -0.156574
 -0.276248
-0.0214822
-0.09651304 -0.98063636 0.17040411
0.99226232 -0.08135994 0.09378725
-0.07810712 0.17813727 0.98090081
0.08785717
11
 -0.156574
 -0.276248
-0.0214822
-0.09651304 -0.98063636 0.17040411
0.99226232 -0.08135994 0.09378725
-0.07810712 0.17813727 0.98090081
0.08785717
12
 -0.156574
 -0.276248
-0.0214822
-0.09651304 -0.98063636 0.17040411
0.99226232 -0.08135994 0.09378725
-0.07810712 0.17813727 0.98090081
0.08785717
13
 -0.156574
 -0.276248
-0.0214822
-0.09651304 -0.98063636 0.17040411
0.99226232 -0.08135994 0.09378725
-0.07810712 0.17813727 0.98090081
0.08785717
14
 -0.156574
 -0.276248
-0.0214822
-0.09651304 -0.98063636 0.17040411
0.99226232 -0.08135994 0.09378725
-0.07810712 0.17813727 0.98090081
0.08785717
15
 -0.156574
 -0.276248
-0.0214822
-0.09651304 -0.98063636 0.17040411
0.99226232 -0.08135994 0.09378725
-0.07810712 0.17813727 0.98090081
0.08785717
16
 -0.156574
 -0.276248
-0.0214822
-0.09651304 -0.98063636 0.17040411
0.99226232 -0.08135994 0.09378725
-0.07810712 0.17813727 0.98090081
0.08785717
17
 -0.156574
 -0.276248
-0.0214822
-0.09651304 -0.98063636 0.17040411
0.99226232 -0.08135994 0.09378725
-0.07810712 0.17813727 0.98090081
0.08785717
18
 -0.156574
 -0.276248
-0.0214822
-0.09651304 -0.98063636 0.17040411
0.99226232 -0.08135994 0.09378725
-0.07810712 0.17813727 0.98090081
0.08785717
19
 -0.156574
 -0.276248
-0.0214822
-0.09651304 -0.98063636 0.17040411
0.99226232 -0.08135994 0.09378725
-0.07810712 0.17813727 0.98090081
0.08785717
20
 -0.156574
 -0.276248
-0.0214822
-0.09651304 -0.98063636 0.17040411
0.99226232 -0.08135994 0.09378725
-0.07810712 0.17813727 0.98090081
0.08785717
21
 -0.156527
 -0.278125
-0.0216405
-0.09379196 -0.98098299 0.16992777
0.99251726 -0.07872695 0.09333577
-0.07818291 0.17741039 0.98102650
0.09603598
22
 -0.156483
 -0.279831
-0.0217844
-0.09243115 -0.98115345 0.16968911
0.99264198 -0.07741011 0.09311051
-0.07822004 0.17704685 0.98108921
0.09514289
23
 -0.156444
 -0.281388
-0.0219158
-0.09175067 -0.98123796 0.16956966
0.99270366 -0.07675160 0.09299800
-0.07823842 0.17686505 0.98112053
0.09445246
24
 -0.156407
 -0.282816
-0.0220362
-0.09141042 -0.98128005 0.16950991
0.99273433 -0.07642233 0.09294177
-0.07824756 0.17677415 0.98113619
0.09388734
25
-0.156374
 -0.28413
-0.022147
-0.09124029 -0.98130104 0.16948002
0.99274962 -0.07625769 0.09291367
-0.07825212 0.17672870 0.98114401
0.09340730
26
 -0.156343
 -0.285343
-0.0222493
-0.09115522 -0.98131153 0.16946508
0.99275726 -0.07617537 0.09289961
-0.07825440 0.17670597 0.98114792
0.09298983
27
-0.156315
-0.286465
-0.022344
-0.09111269 -0.98131677 0.16945760
0.99276107 -0.07613420 0.09289259
-0.07825554 0.17669461 0.98114988
0.09262128
28
 -0.156288
 -0.287508
-0.0224319
-0.09109142 -0.98131939 0.16945387
0.99276298 -0.07611362 0.09288908
-0.07825610 0.17668893 0.98115086
0.09229268
29
 -0.156264
 -0.288479
-0.0225138
-0.09108079 -0.98132070 0.16945200
0.99276393 -0.07610333 0.09288732
-0.07825639 0.17668608 0.98115135
0.09199765
30
 -0.156241
 -0.289385
-0.0225902
-0.09107547 -0.98132135 0.16945107
0.99276441 -0.07609819 0.09288644
-0.07825653 0.17668466 0.98115159
0.09173138
31
 -0.156252
 -0.288961
-0.0225544
-0.09379462 -0.98098265 0.16992824
0.99251701 -0.07872952 0.09333621
-0.07818283 0.17741110 0.98102637
0.08894824
32
 -0.156262
 -0.288564
-0.0225209
-0.09515392 -0.98081046 0.17016633
0.99239058 -0.08004485 0.09356157
-0.07814523 0.17777422 0.98096363
0.08880179
33
 -0.156271
  -0.28819
-0.0224895
-0.09583350 -0.98072365 0.17028526
0.99232668 -0.08070242 0.09367437
-0.07812624 0.17795575 0.98093223
0.08870894
34
  -0.15628
 -0.287839
-0.0224598
-0.09617327 -0.98068006 0.17034469
0.99229455 -0.08103119 0.09373080
-0.07811670 0.17804651 0.98091652
0.08864242
35
 -0.156288
 -0.287508
-0.0224319
-0.09634316 -0.98065823 0.17037440
0.99227845 -0.08119557 0.09375903
-0.07811191 0.17809189 0.98090866
0.08859005
36
 -0.156296
 -0.287195
-0.0224055
-0.09642810 -0.98064730 0.17038926
0.99227039 -0.08127775 0.09377314
-0.07810952 0.17811458 0.98090474
0.08854603
37
 -0.156304
 -0.286899
-0.0223806
-0.09647057 -0.98064183 0.17039668
0.99226636 -0.08131885 0.09378020
-0.07810832 0.17812592 0.98090277
0.08850748
38
 -0.156311
 -0.286619
-0.0223569
-0.09649180 -0.98063910 0.17040039
0.99226434 -0.08133939 0.09378372
-0.07810772 0.17813160 0.98090179
0.08847287
39
 -0.156318
 -0.286353
-0.0223345
-0.09650242 -0.98063773 0.17040225
0.99226333 -0.08134967 0.09378549
-0.07810742 0.17813443 0.98090130
0.08844134
40
 -0.156324
   -0.2861
-0.0223132
-0.09650773 -0.98063705 0.17040318
0.99226282 -0.08135480 0.09378637
-0.07810727 0.17813585 0.98090105
0.08841236
41
  -0.15752
 -0.285649
-0.0220993
-0.09734591 -0.97685242 0.19048129
0.99160500 -0.07882990 0.10249571
-0.08510756 0.19885973 0.97632551
0.09559844
42
 -0.158659
  -0.28522
-0.0218956
-0.09781880 -0.97480077 0.20048676
0.99125263 -0.07749844 0.10682801
-0.08859862 0.20918281 0.97385463
0.09733675
43
 -0.159745
  -0.28481
-0.0217014
-0.09806866 -0.97373522 0.20548055
0.99107059 -0.07681552 0.10898833
-0.09034168 0.21433407 0.97257354
0.09859929
44
-0.160781
-0.284419
-0.021516
-0.09819694 -0.97319253 0.20797514
0.99097812 -0.07646978 0.11006700
-0.09121257 0.21690706 0.97192160
0.09912237
45
 -0.161772
 -0.284045
-0.0213388
-0.09826192 -0.97291871 0.20922185
0.99093151 -0.07629584 0.11060596
-0.09164785 0.21819288 0.97159278
0.09917455
46
 -0.162719
 -0.283688
-0.0211693
-0.09829462 -0.97278118 0.20984506
0.99090812 -0.07620860 0.11087535
-0.09186545 0.21883563 0.97142766
0.09897991
47
 -0.163626
 -0.283346
-0.0210071
-0.09831102 -0.97271226 0.21015663
0.99089640 -0.07616492 0.11101002
-0.09197424 0.21915696 0.97134493
0.09866989
48
 -0.164496
 -0.283018
-0.0208516
-0.09831924 -0.97267776 0.21031240
0.99089054 -0.07614306 0.11107735
-0.09202864 0.21931761 0.97130351
0.09831359
49
  -0.16533
 -0.282703
-0.0207025
-0.09832335 -0.97266050 0.21039029
0.99088760 -0.07613212 0.11111101
-0.09205583 0.21939794 0.97128280
0.09794544
50
  -0.16613
 -0.282401
-0.0205593
-0.09832540 -0.97265187 0.21042923
0.99088614 -0.07612665 0.11112784
-0.09206943 0.21943810 0.97127243
0.09758189
51
 -0.166899
 -0.282111
-0.0204217
-0.09832643 -0.97264755 0.21044870
0.99088540 -0.07612392 0.11113626
-0.09207623 0.21945818 0.97126725
0.09723035
52
 -0.167639
 -0.281832
-0.0202895
-0.09832695 -0.97264539 0.21045844
0.99088504 -0.07612255 0.11114046
-0.09207963 0.21946822 0.97126466
0.09689383
53
  -0.16835
 -0.281564
-0.0201622
-0.09832720 -0.97264431 0.21046331
0.99088485 -0.07612187 0.11114257
-0.09208133 0.21947324 0.97126337
0.09657318
54
 -0.169036
 -0.281305
-0.0200396
-0.09832733 -0.97264377 0.21046574
0.99088476 -0.07612153 0.11114362
-0.09208218 0.21947575 0.97126272
0.09626824
55
 -0.169696
 -0.281056
-0.0199215
-0.09832740 -0.97264350 0.21046696
0.99088471 -0.07612136 0.11114415
-0.09208260 0.21947700 0.97126239
0.09597843
56
 -0.170333
 -0.280816
-0.0198076
-0.09832743 -0.97264337 0.21046756
0.99088469 -0.07612127 0.11114441
-0.09208281 0.21947763 0.97126223
0.09570296
57
 -0.170947
 -0.280584
-0.0196977
-0.09832744 -0.97264330 0.21046787
0.99088468 -0.07612123 0.11114454
-0.09208292 0.21947795 0.97126215
0.09544102
58
  -0.17154
 -0.280361
-0.0195916
-0.09832745 -0.97264327 0.21046802
0.99088467 -0.07612121 0.11114461
-0.09208297 0.21947810 0.97126211
0.09519179
59
 -0.172113
 -0.280144
-0.0194891
-0.09832746 -0.97264325 0.21046810
0.99088467 -0.07612120 0.11114464
-0.09208300 0.21947818 0.97126209
0.09495449
60
-0.172667
-0.279935
 -0.01939
-0.09832746 -0.97264324 0.21046813
0.99088467 -0.07612119 0.11114466
-0.09208301 0.21947822 0.97126208
0.09472839
61
 -0.173203
 -0.279733
-0.0192942
-0.09832746 -0.97264324 0.21046815
0.99088467 -0.07612119 0.11114466
-0.09208302 0.21947824 0.97126208
0.09451280
62
 -0.172935
 -0.279677
-0.0193295
-0.09734857 -0.97685207 0.19048173
0.99160475 -0.07883246 0.10249618
-0.08510746 0.19886044 0.97632538
0.08895265
63
 -0.172675
 -0.279623
-0.0193636
-0.09691285 -0.97879741 0.18045369
0.99194137 -0.08011926 0.09814900
-0.08161017 0.18851138 0.97867423
0.08808072
64
 -0.172424
  -0.27957
-0.0193967
-0.09670846 -0.97973020 0.17543151
0.99210381 -0.08074537 0.09596991
-0.07985934 0.18332737 0.97980282
0.08843965
65
  -0.17218
 -0.279519
-0.0194288
-0.09660962 -0.98018661 0.17291845
0.99218355 -0.08105410 0.09487903
-0.07898340 0.18073307 0.98035564
0.08879571
66
 -0.171944
 -0.279469
-0.0194599
-0.09656105 -0.98041232 0.17166144
0.99222306 -0.08120738 0.09433325
-0.07854530 0.17943536 0.98062918
0.08899968
67
 -0.171714
 -0.279421
-0.0194901
-0.09653697 -0.98052455 0.17103281
0.99224272 -0.08128375 0.09406028
-0.07832622 0.17878636 0.98076523
0.08909232
68
 -0.171491
 -0.279375
-0.0195194
-0.09652499 -0.98058051 0.17071847
0.99225253 -0.08132187 0.09392377
-0.07821668 0.17846182 0.98083308
0.08912173
69
 -0.171275
 -0.279329
-0.0195479
-0.09651901 -0.98060845 0.17056129
0.99225743 -0.08134091 0.09385552
-0.07816190 0.17829955 0.98086696
0.08911850
70
 -0.171065
 -0.279285
-0.0195755
-0.09651602 -0.98062241 0.17048270
0.99225987 -0.08135043 0.09382138
-0.07813451 0.17821841 0.98088389
0.08909938
71
 -0.170861
 -0.279242
-0.0196023
-0.09651453 -0.98062939 0.17044340
0.99226110 -0.08135518 0.09380432
-0.07812082 0.17817784 0.98089235
0.08907301
72
  -0.17136
 -0.279994
-0.0195865
-0.09912344 -0.97657193 0.19100213
0.99142804 -0.08050477 0.10290493
-0.08511749 0.19956516 0.97618070
0.09914073
73
 -0.171846
 -0.280724
-0.0195711
-0.10048280 -0.97437454 0.20123981
0.99098672 -0.08000499 0.10744539
-0.08859186 0.21022239 0.97363136
0.10260852
74
 -0.172318
 -0.281435
-0.0195561
-0.10117613 -0.97323381 0.20634763
0.99075990 -0.07973649 0.10971289
-0.09032286 0.21554128 0.97230846
0.10473927
75
 -0.172778
 -0.282127
-0.0195416
-0.10152619 -0.97265295 0.20889872
0.99064494 -0.07959760 0.11084593
-0.09118679 0.21819822 0.97163497
0.10571376
76
 -0.173226
 -0.282801
-0.0195274
-0.10170207 -0.97235990 0.21017354
0.99058708 -0.07952698 0.11141227
-0.09161835 0.21952605 0.97129521
0.10600838
77
 -0.173662
 -0.283457
-0.0195135
-0.10179023 -0.97221272 0.21081077
0.99055805 -0.07949139 0.11169539
-0.09183404 0.22018981 0.97112458
0.10594633
78
 -0.174087
 -0.284097
-0.0195001
-0.10183436 -0.97213896 0.21112934
0.99054352 -0.07947352 0.11183694
-0.09194185 0.22052165 0.97103908
0.10570816
79
 -0.174501
  -0.28472
-0.0194869
-0.10185644 -0.97210205 0.21128862
0.99053624 -0.07946456 0.11190771
-0.09199576 0.22068756 0.97099628
0.10538807
80
 -0.174905
 -0.285328
-0.0194741
-0.10186748 -0.97208358 0.21136825
0.99053260 -0.07946008 0.11194309
-0.09202271 0.22077051 0.97097487
0.10503368
81
 -0.175298
  -0.28592
-0.0194616
-0.10187300 -0.97207434 0.21140807
0.99053078 -0.07945784 0.11196079
-0.09203618 0.22081198 0.97096417
0.10466862
82
  -0.17507
 -0.285802
-0.0194863
-0.09911993 -0.97658002 0.19096256
0.99142956 -0.08050826 0.10288757
-0.08510388 0.19952413 0.97619027
0.08866073
83
 -0.174847
 -0.285687
-0.0195103
-0.09779812 -0.97866450 0.18069677
0.99185422 -0.08095897 0.09834050
-0.08161333 0.18884237 0.97861015
0.08829597
84
  -0.17463
 -0.285575
-0.0195338
-0.09715098 -0.97966452 0.17555371
0.99206034 -0.08116568 0.09606461
-0.07986215 0.18349265 0.97977165
0.08894965
85
 -0.174417
 -0.285465
-0.0195567
-0.09683086 -0.98015397 0.17297972
0.99216185 -0.08126437 0.09492611
-0.07898512 0.18081565 0.98034027
0.08945777
86
  -0.17421
 -0.285358
-0.0195791
-0.09667166 -0.98039605 0.17169211
0.99221221 -0.08131254 0.09435673
-0.07854624 0.17947663 0.98062155
0.08973533
87
-0.174007
-0.285253
-0.019601
-0.09659228 -0.98051642 0.17104816
0.99223730 -0.08133634 0.09407200
-0.07832671 0.17880699 0.98076143
0.08986075
88
 -0.173809
 -0.285151
-0.0196224
-0.09655264 -0.98057645 0.17072615
0.99224982 -0.08134816 0.09392963
-0.07821692 0.17847214 0.98083118
0.08990214
89
 -0.173615
 -0.285051
-0.0196433
-0.09653283 -0.98060642 0.17056513
0.99225607 -0.08135406 0.09385844
-0.07816203 0.17830471 0.98086601
0.08990036
90
 -0.173426
 -0.284953
-0.0196637
-0.09652293 -0.98062139 0.17048462
0.99225920 -0.08135700 0.09382285
-0.07813457 0.17822099 0.98088341
0.08987738
91
 -0.173241
 -0.284857
-0.0196837
-0.09651798 -0.98062888 0.17044436
0.99226076 -0.08135847 0.09380505
-0.07812085 0.17817913 0.98089211
0.08984448
92
  -0.17306
 -0.284764
-0.0197032
-0.09651551 -0.98063262 0.17042424
0.99226154 -0.08135921 0.09379615
-0.07811399 0.17815820 0.98089646
0.08980733
93
 -0.172882
 -0.284672
-0.0197224
-0.09651427 -0.98063449 0.17041417
0.99226193 -0.08135957 0.09379170
-0.07811055 0.17814773 0.98089863
0.08976870
94
 -0.172709
 -0.284583
-0.0197411
-0.09651365 -0.98063543 0.17040914
0.99226212 -0.08135976 0.09378948
-0.07810884 0.17814250 0.98089972
0.08972998
1
 -0.193802
 -0.236743
-0.0142654
-0.05199038 -0.97877696 0.19822379
0.99688166 -0.03906674 0.06856202
-0.05936297 0.20117023 0.97775589
0.08569696
2
 -0.193802
 -0.236743
-0.0142654
-0.05199038 -0.97877696 0.19822379
0.99688166 -0.03906674 0.06856202
-0.05936297 0.20117023 0.97775589
0.08569696
3
 -0.193802
 -0.236743
-0.0142654
-0.05199038 -0.97877696 0.19822379
0.99688166 -0.03906674 0.06856202
-0.05936297 0.20117023 0.97775589
0.08569696
4
 -0.193802
 -0.236743
-0.0142654
-0.05199038 -0.97877696 0.19822379
0.99688166 -0.03906674 0.06856202
-0.05936297 0.20117023 0.97775589
0.08569696
5
 -0.193802
 -0.236743
-0.0142654
-0.05199038 -0.97877696 0.19822379
0.99688166 -0.03906674 0.06856202
-0.05936297 0.20117023 0.97775589
0.08569696
6
 -0.193802
 -0.236743
-0.0142654
-0.05199038 -0.97877696 0.19822379
0.99688166 -0.03906674 0.06856202
-0.05936297 0.20117023 0.97775589
0.08569696
7
 -0.193802
 -0.236743
-0.0142654
-0.05199038 -0.97877696 0.19822379
0.99688166 -0.03906674 0.06856202
-0.05936297 0.20117023 0.97775589
0.08569696
8
 -0.193802
 -0.236743
-0.0142654
-0.05199038 -0.97877696 0.19822379
0.99688166 -0.03906674 0.06856202
-0.05936297 0.20117023 0.97775589
0.08569696
9
 -0.193802
 -0.236743
-0.0142654
-0.05199038 -0.97877696 0.19822379
0.99688166 -0.03906674 0.06856202
-0.05936297 0.20117023 0.97775589
0.08569696
10
 -0.193802
 -0.236743
-0.0142654
-0.05199038 -0.97877696 0.19822379
0.99688166 -0.03906674 0.06856202
-0.05936297 0.20117023 0.97775589
0.08569696
11
 -0.193802
 -0.236743
-0.0142654
-0.05199038 -0.97877696 0.19822379
0.99688166 -0.03906674 0.06856202
-0.05936297 0.20117023 0.97775589
0.08569696
12
 -0.193802
 -0.236743
-0.0142654
-0.05199038 -0.97877696 0.19822379
0.99688166 -0.03906674 0.06856202
-0.05936297 0.20117023 0.97775589
0.08569696
13
 -0.193802
 -0.236743
-0.0142654
-0.05199038 -0.97877696 0.19822379
0.99688166 -0.03906674 0.06856202
-0.05936297 0.20117023 0.97775589
0.08569696
14
 -0.193802
 -0.236743
-0.0142654
-0.05199038 -0.97877696 0.19822379
0.99688166 -0.03906674 0.06856202
-0.05936297 0.20117023 0.97775589
0.08569696
15
 -0.193802
 -0.236743
-0.0142654
-0.05199038 -0.97877696 0.19822379
0.99688166 -0.03906674 0.06856202
-0.05936297 0.20117023 0.97775589
0.08569696
16
 -0.193802
 -0.236743
-0.0142654
-0.05199038 -0.97877696 0.19822379
0.99688166 -0.03906674 0.06856202
-0.05936297 0.20117023 0.97775589
0.08569696
17
 -0.193802
 -0.236743
-0.0142654
-0.05199038 -0.97877696 0.19822379
0.99688166 -0.03906674 0.06856202
-0.05936297 0.20117023 0.97775589
0.08569696
18
 -0.193802
 -0.236743
-0.0142654
-0.05199038 -0.97877696 0.19822379
0.99688166 -0.03906674 0.06856202
-0.05936297 0.20117023 0.97775589
0.08569696
19
 -0.193802
 -0.236743
-0.0142654
-0.05199038 -0.97877696 0.19822379
0.99688166 -0.03906674 0.06856202
-0.05936297 0.20117023 0.97775589
0.08569696
20
 -0.193802
 -0.236743
-0.0142654
-0.05199038 -0.97877696 0.19822379
0.99688166 -0.03906674 0.06856202
-0.05936297 0.20117023 0.97775589
0.08569696
21
 -0.193802
 -0.236743
-0.0142654
-0.05199038 -0.97877696 0.19822379
0.99688166 -0.03906674 0.06856202
-0.05936297 0.20117023 0.97775589
0.08569696
22
 -0.193802
 -0.236743
-0.0142654
-0.05199038 -0.97877696 0.19822379
0.99688166 -0.03906674 0.06856202
-0.05936297 0.20117023 0.97775589
0.08569696
23
 -0.193802
 -0.236743
-0.0142654
-0.05199038 -0.97877696 0.19822379
0.99688166 -0.03906674 0.06856202
-0.05936297 0.20117023 0.97775589
0.08569696
24
 -0.193802
 -0.236743
-0.0142654
-0.05199038 -0.97877696 0.19822379
0.99688166 -0.03906674 0.06856202
-0.05936297 0.20117023 0.97775589
0.08569696
25
 -0.193802
 -0.236743
-0.0142654
-0.05199038 -0.97877696 0.19822379
0.99688166 -0.03906674 0.06856202
-0.05936297 0.20117023 0.97775589
0.08569696
26
 -0.193802
 -0.236743
-0.0142654
-0.05199038 -0.97877696 0.19822379
0.99688166 -0.03906674 0.06856202
-0.05936297 0.20117023 0.97775589
0.08569696
27
 -0.193802
 -0.236743
-0.0142654
-0.05199038 -0.97877696 0.19822379
0.99688166 -0.03906674 0.06856202
-0.05936297 0.20117023 0.97775589
0.08569696
28
 -0.193802
 -0.236743
-0.0142654
-0.05199038 -0.97877696 0.19822379
0.99688166 -0.03906674 0.06856202
-0.05936297 0.20117023 0.97775589
0.08569696
29
 -0.193802
 -0.236743
-0.0142654
-0.05199038 -0.97877696 0.19822379
0.99688166 -0.03906674 0.06856202
-0.05936297 0.20117023 0.97775589
0.08569696
30
 -0.193802
 -0.236743
-0.0142654
-0.05199038 -0.97877696 0.19822379
0.99688166 -0.03906674 0.06856202
-0.05936297 0.20117023 0.97775589
0.08569696
31
 -0.193802
 -0.236743
-0.0142654
-0.05199038 -0.97877696 0.19822379
0.99688166 -0.03906674 0.06856202
-0.05936297 0.20117023 0.97775589
0.08569696
32
 -0.193802
 -0.236743
-0.0142654
-0.05199038 -0.97877696 0.19822379
0.99688166 -0.03906674 0.06856202
-0.05936297 0.20117023 0.97775589
0.08569696
33
 -0.193802
 -0.236743
-0.0142654
-0.05199038 -0.97877696 0.19822379
0.99688166 -0.03906674 0.06856202
-0.05936297 0.20117023 0.97775589
0.08569696
34
 -0.193802
 -0.236743
-0.0142654
-0.05199038 -0.97877696 0.19822379
0.99688166 -0.03906674 0.06856202
-0.05936297 0.20117023 0.97775589
0.08569696
35
 -0.193802
 -0.236743
-0.0142654
-0.05199038 -0.97877696 0.19822379
0.99688166 -0.03906674 0.06856202
-0.05936297 0.20117023 0.97775589
0.08569696
36
 -0.193802
 -0.236743
-0.0142654
-0.05199038 -0.97877696 0.19822379
0.99688166 -0.03906674 0.06856202
-0.05936297 0.20117023 0.97775589
0.08569696
37
 -0.193802
 -0.236743
-0.0142654
-0.05199038 -0.97877696 0.19822379
0.99688166 -0.03906674 0.06856202
-0.05936297 0.20117023 0.97775589
0.08569696
38
 -0.193802
 -0.236743
-0.0142654
-0.05199038 -0.97877696 0.19822379
0.99688166 -0.03906674 0.06856202
-0.05936297 0.20117023 0.97775589
0.08569696
39
 -0.193802
 -0.236743
-0.0142654
-0.05199038 -0.97877696 0.19822379
0.99688166 -0.03906674 0.06856202
-0.05936297 0.20117023 0.97775589
0.08569696
40
 -0.193802
 -0.236743
-0.0142654
-0.05199038 -0.97877696 0.19822379
0.99688166 -0.03906674 0.06856202
-0.05936297 0.20117023 0.97775589
0.08569696
41
 -0.193802
 -0.236743
-0.0142654
-0.05199038 -0.97877696 0.19822379
0.99688166 -0.03906674 0.06856202
-0.05936297 0.20117023 0.97775589
0.08569696
42
 -0.193802
 -0.236743
-0.0142654
-0.05199038 -0.97877696 0.19822379
0.99688166 -0.03906674 0.06856202
-0.05936297 0.20117023 0.97775589
0.08569696
43
 -0.193802
 -0.236743
-0.0142654
-0.05199038 -0.97877696 0.19822379
0.99688166 -0.03906674 0.06856202
-0.05936297 0.20117023 0.97775589
0.08569696
44
 -0.193802
 -0.236743
-0.0142654
-0.05199038 -0.97877696 0.19822379
0.99688166 -0.03906674 0.06856202
-0.05936297 0.20117023 0.97775589
0.08569696
45
 -0.193802
 -0.236743
-0.0142654
-0.05199038 -0.97877696 0.19822379
0.99688166 -0.03906674 0.06856202
-0.05936297 0.20117023 0.97775589
0.08569696
46
 -0.193802
 -0.236743
-0.0142654
-0.05199038 -0.97877696 0.19822379
0.99688166 -0.03906674 0.06856202
-0.05936297 0.20117023 0.97775589
0.08569696
47
 -0.193802
 -0.236743
-0.0142654
-0.05199038 -0.97877696 0.19822379
0.99688166 -0.03906674 0.06856202
-0.05936297 0.20117023 0.97775589
0.08569696
48
 -0.193802
 -0.236743
-0.0142654
-0.05199038 -0.97877696 0.19822379
0.99688166 -0.03906674 0.06856202
-0.05936297 0.20117023 0.97775589
0.08569696
49
 -0.193802
 -0.236743
-0.0142654
-0.05199038 -0.97877696 0.19822379
0.99688166 -0.03906674 0.06856202
-0.05936297 0.20117023 0.97775589
0.08569696
50
 -0.193802
 -0.236743
-0.0142654
-0.05199038 -0.97877696 0.19822379
0.99688166 -0.03906674 0.06856202
-0.05936297 0.20117023 0.97775589
0.08569696
51
 -0.193802
 -0.236743
-0.0142654
-0.05199038 -0.97877696 0.19822379
0.99688166 -0.03906674 0.06856202
-0.05936297 0.20117023 0.97775589
0.08569696
52
 -0.193802
 -0.236743
-0.0142654
-0.05199038 -0.97877696 0.19822379
0.99688166 -0.03906674 0.06856202
-0.05936297 0.20117023 0.97775589
0.08569696
53
 -0.193802
 -0.236743
-0.0142654
-0.05199038 -0.97877696 0.19822379
0.99688166 -0.03906674 0.06856202
-0.05936297 0.20117023 0.97775589
0.08569696
54
 -0.193802
 -0.236743
-0.0142654
-0.05199038 -0.97877696 0.19822379
0.99688166 -0.03906674 0.06856202
-0.05936297 0.20117023 0.97775589
0.08569696
55
 -0.193802
 -0.236743
-0.0142654
-0.05199038 -0.97877696 0.19822379
0.99688166 -0.03906674 0.06856202
-0.05936297 0.20117023 0.97775589
0.08569696
56
 -0.193802
 -0.236743
-0.0142654
-0.05199038 -0.97877696 0.19822379
0.99688166 -0.03906674 0.06856202
-0.05936297 0.20117023 0.97775589
0.08569696
57
 -0.193802
 -0.236743
-0.0142654
-0.05199038 -0.97877696 0.19822379
0.99688166 -0.03906674 0.06856202
-0.05936297 0.20117023 0.97775589
0.08569696
58
 -0.193802
 -0.236743
-0.0142654
-0.05199038 -0.97877696 0.19822379
0.99688166 -0.03906674 0.06856202
-0.05936297 0.20117023 0.97775589
0.08569696
59
 -0.193802
 -0.236743
-0.0142654
-0.05199038 -0.97877696 0.19822379
0.99688166 -0.03906674 0.06856202
-0.05936297 0.20117023 0.97775589
0.08569696
60
 -0.193802
 -0.236743
-0.0142654
-0.05199038 -0.97877696 0.19822379
0.99688166 -0.03906674 0.06856202
-0.05936297 0.20117023 0.97775589
0.08569696
61
 -0.193802
 -0.236743
-0.0142654
-0.05199038 -0.97877696 0.19822379
0.99688166 -0.03906674 0.06856202
-0.05936297 0.20117023 0.97775589
0.08569696
62
 -0.193802
 -0.236743
-0.0142654
-0.05199038 -0.97877696 0.19822379
0.99688166 -0.03906674 0.06856202
-0.05936297 0.20117023 0.97775589
0.08569696
63
 -0.193802
 -0.236743
-0.0142654
-0.05199038 -0.97877696 0.19822379
0.99688166 -0.03906674 0.06856202
-0.05936297 0.20117023 0.97775589
0.08569696
64
 -0.193802
 -0.236743
-0.0142654
-0.05199038 -0.97877696 0.19822379
0.99688166 -0.03906674 0.06856202
-0.05936297 0.20117023 0.97775589
0.08569696
65
 -0.193802
 -0.236743
-0.0142654
-0.05199038 -0.97877696 0.19822379
0.99688166 -0.03906674 0.06856202
-0.05936297 0.20117023 0.97775589
0.08569696
66
 -0.193802
 -0.236743
-0.0142654
-0.05199038 -0.97877696 0.19822379
0.99688166 -0.03906674 0.06856202
-0.05936297 0.20117023 0.97775589
0.08569696
67
 -0.193802
 -0.236743
-0.0142654
-0.05199038 -0.97877696 0.19822379
0.99688166 -0.03906674 0.06856202
-0.05936297 0.20117023 0.97775589
0.08569696
68
 -0.193802
 -0.236743
-0.0142654
-0.05199038 -0.97877696 0.19822379
0.99688166 -0.03906674 0.06856202
-0.05936297 0.20117023 0.97775589
0.08569696
69
 -0.193802
 -0.236743
-0.0142654
-0.05199038 -0.97877696 0.19822379
0.99688166 -0.03906674 0.06856202
-0.05936297 0.20117023 0.97775589
0.08569696
70
 -0.193802
 -0.236743
-0.0142654
-0.05199038 -0.97877696 0.19822379
0.99688166 -0.03906674 0.06856202
-0.05936297 0.20117023 0.97775589
0.08569696
71
 -0.193802
 -0.236743
-0.0142654
-0.05199038 -0.97877696 0.19822379
0.99688166 -0.03906674 0.06856202
-0.05936297 0.20117023 0.97775589
0.08569696
72
 -0.193802
 -0.236743
-0.0142654
-0.05199038 -0.97877696 0.19822379
0.99688166 -0.03906674 0.06856202
-0.05936297 0.20117023 0.97775589
0.08569696
73
 -0.193802
 -0.236743
-0.0142654
-0.05199038 -0.97877696 0.19822379
0.99688166 -0.03906674 0.06856202
-0.05936297 0.20117023 0.97775589
0.08569696
74
 -0.193802
 -0.236743
-0.0142654
-0.05199038 -0.97877696 0.19822379
0.99688166 -0.03906674 0.06856202
-0.05936297 0.20117023 0.97775589
0.08569696
75
 -0.193802
 -0.236743
-0.0142654
-0.05199038 -0.97877696 0.19822379
0.99688166 -0.03906674 0.06856202
-0.05936297 0.20117023 0.97775589
0.08569696
76
 -0.193802
 -0.236743
-0.0142654
-0.05199038 -0.97877696 0.19822379
0.99688166 -0.03906674 0.06856202
-0.05936297 0.20117023 0.97775589
0.08569696
77
 -0.193802
 -0.236743
-0.0142654
-0.05199038 -0.97877696 0.19822379
0.99688166 -0.03906674 0.06856202
-0.05936297 0.20117023 0.97775589
0.08569696
78
 -0.193802
 -0.236743
-0.0142654
-0.05199038 -0.97877696 0.19822379
0.99688166 -0.03906674 0.06856202
-0.05936297 0.20117023 0.97775589
0.08569696
79
 -0.193802
 -0.236743
-0.0142654
-0.05199038 -0.97877696 0.19822379
0.99688166 -0.03906674 0.06856202
-0.05936297 0.20117023 0.97775589
0.08569696
80
 -0.193802
 -0.236743
-0.0142654
-0.05199038 -0.97877696 0.19822379
0.99688166 -0.03906674 0.06856202
-0.05936297 0.20117023 0.97775589
0.08569696
81
 -0.193802
 -0.236743
-0.0142654
-0.05199038 -0.97877696 0.19822379
0.99688166 -0.03906674 0.06856202
-0.05936297 0.20117023 0.97775589
0.08569696
1
 -0.156574
 -0.276248
-0.0214822
-0.09651304 -0.98063636 0.17040411
0.99226232 -0.08135994 0.09378725
-0.07810712 0.17813727 0.98090081
0.08785717
2
 -0.156574
 -0.276248
-0.0214822
-0.09651304 -0.98063636 0.17040411
0.99226232 -0.08135994 0.09378725
-0.07810712 0.17813727 0.98090081
0.08785717
3
 -0.156574
 -0.276248
-0.0214822
-0.09651304 -0.98063636 0.17040411
0.99226232 -0.08135994 0.09378725
-0.07810712 0.17813727 0.98090081
0.08785717
4
 -0.156574
 -0.276248
-0.0214822
-0.09651304 -0.98063636 0.17040411
0.99226232 -0.08135994 0.09378725
-0.07810712 0.17813727 0.98090081
0.08785717
5
 -0.156574
 -0.276248
-0.0214822
-0.09651304 -0.98063636 0.17040411
0.99226232 -0.08135994 0.09378725
-0.07810712 0.17813727 0.98090081
0.08785717
6
 -0.156574
 -0.276248
-0.0214822
-0.09651304 -0.98063636 0.17040411
0.99226232 -0.08135994 0.09378725
-0.07810712 0.17813727 0.98090081
0.08785717
7
 -0.156574
 -0.276248
-0.0214822
-0.09651304 -0.98063636 0.17040411
0.99226232 -0.08135994 0.09378725
-0.07810712 0.17813727 0.98090081
0.08785717
8
 -0.156574
 -0.276248
-0.0214822
-0.09651304 -0.98063636 0.17040411
0.99226232 -0.08135994 0.09378725
-0.07810712 0.17813727 0.98090081
0.08785717
9
 -0.156574
 -0.276248
-0.0214822
-0.09651304 -0.98063636 0.17040411
0.99226232 -0.08135994 0.09378725
-0.07810712 0.17813727 0.98090081
0.08785717
10
 -0.156574
 -0.276248
-0.0214822
-0.09651304 -0.98063636 0.17040411
0.99226232 -0.08135994 0.09378725
-0.07810712 0.17813727 0.98090081
0.08785717
11
 -0.156574
 -0.276248
-0.0214822
-0.09651304 -0.98063636 0.17040411
0.99226232 -0.08135994 0.09378725
-0.07810712 0.17813727 0.98090081
0.08785717
12
 -0.156574
 -0.276248
-0.0214822
-0.09651304 -0.98063636 0.17040411
0.99226232 -0.08135994 0.09378725
-0.07810712 0.17813727 0.98090081
0.08785717
13
 -0.156574
 -0.276248
-0.0214822
-0.09651304 -0.98063636 0.17040411
0.99226232 -0.08135994 0.09378725
-0.07810712 0.17813727 0.98090081
0.08785717
14
 -0.156574
 -0.276248
-0.0214822
-0.09651304 -0.98063636 0.17040411
0.99226232 -0.08135994 0.09378725
-0.07810712 0.17813727 0.98090081
0.08785717
15
 -0.156574
 -0.276248
-0.0214822
-0.09651304 -0.98063636 0.17040411
0.99226232 -0.08135994 0.09378725
-0.07810712 0.17813727 0.98090081
0.08785717
16
 -0.156574
 -0.276248
-0.0214822
-0.09651304 -0.98063636 0.17040411
0.99226232 -0.08135994 0.09378725
-0.07810712 0.17813727 0.98090081
0.08785717
17
 -0.156574
 -0.276248
-0.0214822
-0.09651304 -0.98063636 0.17040411
0.99226232 -0.08135994 0.09378725
-0.07810712 0.17813727 0.98090081
0.08785717
18
 -0.156574
 -0.276248
-0.0214822
-0.09651304 -0.98063636 0.17040411
0.99226232 -0.08135994 0.09378725
-0.07810712 0.17813727 0.98090081
0.08785717
19
 -0.156574
 -0.276248
-0.0214822
-0.09651304 -0.98063636 0.17040411
0.99226232 -0.08135994 0.09378725
-0.07810712 0.17813727 0.98090081
0.08785717
20
 -0.156574
 -0.276248
-0.0214822
-0.09651304 -0.98063636 0.17040411
0.99226232 -0.08135994 0.09378725
-0.07810712 0.17813727 0.98090081
0.08785717
21
 -0.156574
 -0.276248
-0.0214822
-0.09651304 -0.98063636 0.17040411
0.99226232 -0.08135994 0.09378725
-0.07810712 0.17813727 0.98090081
0.08785717
22
 -0.156574
 -0.276248
-0.0214822
-0.09651304 -0.98063636 0.17040411
0.99226232 -0.08135994 0.09378725
-0.07810712 0.17813727 0.98090081
0.08785717
23
 -0.156574
 -0.276248
-0.0214822
-0.09651304 -0.98063636 0.17040411
0.99226232 -0.08135994 0.09378725
-0.07810712 0.17813727 0.98090081
0.08785717
24
 -0.156574
 -0.276248
-0.0214822
-0.09651304 -0.98063636 0.17040411
0.99226232 -0.08135994 0.09378725
-0.07810712 0.17813727 0.98090081
0.08785717
25
 -0.156574
 -0.276248
-0.0214822
-0.09651304 -0.98063636 0.17040411
0.99226232 -0.08135994 0.09378725
-0.07810712 0.17813727 0.98090081
0.08785717
26
 -0.156574
 -0.276248
-0.0214822
-0.09651304 -0.98063636 0.17040411
0.99226232 -0.08135994 0.09378725
-0.07810712 0.17813727 0.98090081
0.08785717
27
 -0.156574
 -0.276248
-0.0214822
-0.09651304 -0.98063636 0.17040411
0.99226232 -0.08135994 0.09378725
-0.07810712 0.17813727 0.98090081
0.08785717
28
 -0.156574
 -0.276248
-0.0214822
-0.09651304 -0.98063636 0.17040411
0.99226232 -0.08135994 0.09378725
-0.07810712 0.17813727 0.98090081
0.08785717
29
 -0.156574
 -0.276248
-0.0214822
-0.09651304 -0.98063636 0.17040411
0.99226232 -0.08135994 0.09378725
-0.07810712 0.17813727 0.98090081
0.08785717
30
 -0.156574
 -0.276248
-0.0214822
-0.09651304 -0.98063636 0.17040411
0.99226232 -0.08135994 0.09378725
-0.07810712 0.17813727 0.98090081
0.08785717
31
 -0.155033
 -0.273348
-0.0220193
-0.09434339 -0.98412850 0.15030109
0.99298820 -0.08222082 0.08493630
-0.07123036 0.15726038 0.98498498
0.11895937
32
 -0.153589
  -0.27063
-0.0225229
-0.09331142 -0.98571400 0.14021729
0.99332762 -0.08258070 0.08050260
-0.06777330 0.14679352 0.98684266
0.12318184
33
 -0.152232
 -0.268076
-0.0229959
-0.09280870 -0.98646652 0.13516787
0.99349143 -0.08274298 0.07828393
-0.06604028 0.14155355 0.98772530
0.12468400
34
 -0.150955
 -0.265672
-0.0234411
-0.09256066 -0.98683271 0.13264135
0.99357186 -0.08281970 0.07717417
-0.06517268 0.13893201 0.98815506
0.12458745
35
 -0.149751
 -0.263406
-0.0238608
-0.09243748 -0.98701329 0.13137765
0.99361171 -0.08285695 0.07661919
-0.06473861 0.13762085 0.98836704
0.12369163
36
 -0.148613
 -0.261266
-0.0242572
-0.09237609 -0.98710294 0.13074568
0.99363154 -0.08287530 0.07634168
-0.06452151 0.13696518 0.98847231
0.12244207
37
 -0.147538
 -0.259241
-0.0246322
-0.09234545 -0.98714762 0.13042967
0.99364143 -0.08288441 0.07620291
-0.06441294 0.13663732 0.98852477
0.12106708
38
 -0.146519
 -0.257323
-0.0249875
-0.09233015 -0.98716991 0.13027166
0.99364637 -0.08288895 0.07613353
-0.06435865 0.13647339 0.98855095
0.11967807
39
 -0.145552
 -0.255503
-0.0253246
-0.09232250 -0.98718105 0.13019266
0.99364884 -0.08289121 0.07609884
-0.06433150 0.13639142 0.98856403
0.11832676
40
 -0.144633
 -0.253774
-0.0256448
-0.09231867 -0.98718662 0.13015315
0.99365007 -0.08289234 0.07608149
-0.06431793 0.13635043 0.98857057
0.11703522
41
 -0.144924
 -0.254322
-0.0255432
-0.09434544 -0.98412530 0.15032076
0.99298752 -0.08222007 0.08494496
-0.07123710 0.15728081 0.98498123
0.08973489
42
 -0.145202
 -0.254844
-0.0254465
-0.09541170 -0.98243418 0.16037360
0.99263273 -0.08181347 0.08936903
-0.07467847 0.16771893 0.98300228
0.08938494
43
 -0.145466
 -0.255342
-0.0253543
-0.09595799 -0.98154859 0.16539172
0.99244947 -0.08159256 0.09157891
-0.07639441 0.17293065 0.98196684
0.08991878
44
 -0.145719
 -0.255817
-0.0252663
-0.09623442 -0.98109581 0.16789864
0.99235638 -0.08147772 0.09268328
-0.07725117 0.17553461 0.98143765
0.09030339
45
  -0.14596
 -0.256271
-0.0251823
-0.09637346 -0.98086692 0.16915156
0.99230947 -0.08141919 0.09323531
-0.07767925 0.17683610 0.98117018
0.09047525
46
 -0.146191
 -0.256706
-0.0251018
-0.09644318 -0.98075185 0.16977788
0.99228593 -0.08138966 0.09351130
-0.07789321 0.17748673 0.98103573
0.09051158
47
 -0.146412
 -0.257121
-0.0250248
-0.09647809 -0.98069416 0.17009100
0.99227413 -0.08137482 0.09364928
-0.07800017 0.17781201 0.98096833
0.09047644
48
-0.146623
 -0.25752
-0.024951
-0.09649556 -0.98066527 0.17024756
0.99226823 -0.08136739 0.09371827
-0.07805365 0.17797464 0.98093458
0.09040746
49
 -0.146826
 -0.257902
-0.0248802
-0.09650430 -0.98065082 0.17032583
0.99226527 -0.08136367 0.09375276
-0.07808039 0.17805595 0.98091770
0.09032441
50
 -0.147021
 -0.258269
-0.0248123
-0.09650867 -0.98064359 0.17036497
0.99226380 -0.08136180 0.09377001
-0.07809376 0.17809661 0.98090925
0.09023715
51
-0.147209
-0.258622
-0.024747
-0.09651085 -0.98063998 0.17038454
0.99226306 -0.08136087 0.09377863
-0.07810044 0.17811694 0.98090503
0.09015042
52
 -0.147389
 -0.258961
-0.0246842
-0.09651194 -0.98063817 0.17039432
0.99226269 -0.08136041 0.09378294
-0.07810378 0.17812710 0.98090292
0.09006636
53
 -0.147562
 -0.259287
-0.0246238
-0.09651249 -0.98063727 0.17039922
0.99226250 -0.08136017 0.09378510
-0.07810545 0.17813219 0.98090186
0.08998585
54
 -0.147729
 -0.259601
-0.0245656
-0.09651276 -0.98063681 0.17040166
0.99226241 -0.08136006 0.09378618
-0.07810629 0.17813473 0.98090133
0.08990916
55
  -0.14789
 -0.259904
-0.0245095
-0.09651290 -0.98063659 0.17040288
0.99226237 -0.08136000 0.09378671
-0.07810671 0.17813600 0.98090107
0.08983630
56
 -0.148045
 -0.260195
-0.0244555
-0.09651297 -0.98063647 0.17040350
0.99226234 -0.08135997 0.09378698
-0.07810691 0.17813663 0.98090094
0.08976712
57
 -0.148194
 -0.260477
-0.0244033
-0.09651300 -0.98063642 0.17040380
0.99226233 -0.08135995 0.09378712
-0.07810702 0.17813695 0.98090087
0.08970144
58
 -0.148339
 -0.260749
-0.0243529
-0.09651302 -0.98063639 0.17040395
0.99226233 -0.08135995 0.09378719
-0.07810707 0.17813711 0.98090084
0.08963905
59
 -0.148479
 -0.261012
-0.0243043
-0.09651303 -0.98063638 0.17040403
0.99226232 -0.08135994 0.09378722
-0.07810710 0.17813719 0.98090082
0.08957975
60
 -0.148613
 -0.261266
-0.0242572
-0.09651303 -0.98063637 0.17040407
0.99226232 -0.08135994 0.09378724
-0.07810711 0.17813723 0.98090081
0.08952335
61
 -0.148744
 -0.261511
-0.0242118
-0.09651303 -0.98063637 0.17040409
0.99226232 -0.08135994 0.09378725
-0.07810712 0.17813725 0.98090081
0.08946966
62
  -0.14887
 -0.261749
-0.0241677
-0.09651303 -0.98063636 0.17040410
0.99226232 -0.08135994 0.09378725
-0.07810712 0.17813726 0.98090081
0.08941852
63
 -0.148993
 -0.261979
-0.0241251
-0.09651304 -0.98063636 0.17040410
0.99226232 -0.08135994 0.09378725
-0.07810712 0.17813726 0.98090081
0.08936976
64
 -0.149111
 -0.262202
-0.0240838
-0.09651304 -0.98063636 0.17040410
0.99226232 -0.08135994 0.09378725
-0.07810712 0.17813726 0.98090081
0.08932324
65
 -0.149226
 -0.262418
-0.0240438
-0.09651304 -0.98063636 0.17040411
0.99226232 -0.08135994 0.09378725
-0.07810712 0.17813727 0.98090081
0.08927884
66
-0.149337
-0.262628
-0.024005
-0.09651304 -0.98063636 0.17040411
0.99226232 -0.08135994 0.09378725
-0.07810712 0.17813727 0.98090081
0.08923641
67
 -0.149445
 -0.262831
-0.0239673
-0.09651304 -0.98063636 0.17040411
0.99226232 -0.08135994 0.09378725
-0.07810712 0.17813727 0.98090081
0.08919586
68
  -0.14955
 -0.263028
-0.0239308
-0.09651304 -0.98063636 0.17040411
0.99226232 -0.08135994 0.09378725
-0.07810712 0.17813727 0.98090081
0.08915706
69
 -0.149652
  -0.26322
-0.0238953
-0.09651304 -0.98063636 0.17040411
0.99226232 -0.08135994 0.09378725
-0.07810712 0.17813727 0.98090081
0.08911992
70
 -0.149751
 -0.263406
-0.0238608
-0.09651304 -0.98063636 0.17040411
0.99226232 -0.08135994 0.09378725
-0.07810712 0.17813727 0.98090081
0.08908434
71
 -0.149847
 -0.263587
-0.0238273
-0.09651304 -0.98063636 0.17040411
0.99226232 -0.08135994 0.09378725
-0.07810712 0.17813727 0.98090081
0.08905025
72
  -0.14994
 -0.263763
-0.0237947
-0.09651304 -0.98063636 0.17040411
0.99226232 -0.08135994 0.09378725
-0.07810712 0.17813727 0.98090081
0.08901755
73
 -0.150031
 -0.263934
-0.0237631
-0.09651304 -0.98063636 0.17040411
0.99226232 -0.08135994 0.09378725
-0.07810712 0.17813727 0.98090081
0.08898618
74
  -0.15012
   -0.2641
-0.0237322
-0.09651304 -0.98063636 0.17040411
0.99226232 -0.08135994 0.09378725
-0.07810712 0.17813727 0.98090081
0.08895606
75
 -0.150206
 -0.264262
-0.0237022
-0.09651304 -0.98063636 0.17040411
0.99226232 -0.08135994 0.09378725
-0.07810712 0.17813727 0.98090081
0.08892712
76
-0.150289
 -0.26442
-0.023673
-0.09651304 -0.98063636 0.17040411
0.99226232 -0.08135994 0.09378725
-0.07810712 0.17813727 0.98090081
0.08889932
77
 -0.150371
 -0.264573
-0.0236446
-0.09651304 -0.98063636 0.17040411
0.99226232 -0.08135994 0.09378725
-0.07810712 0.17813727 0.98090081
0.08887258
78
 -0.150451
 -0.264723
-0.0236169
-0.09651304 -0.98063636 0.17040411
0.99226232 -0.08135994 0.09378725
-0.07810712 0.17813727 0.98090081
0.08884685
79
 -0.150528
 -0.264869
-0.0235898
-0.09651304 -0.98063636 0.17040411
0.99226232 -0.08135994 0.09378725
-0.07810712 0.17813727 0.98090081
0.08882209
80
 -0.150604
 -0.265011
-0.0235635
-0.09651304 -0.98063636 0.17040411
0.99226232 -0.08135994 0.09378725
-0.07810712 0.17813727 0.98090081
0.08879825
81
 -0.150677
  -0.26515
-0.0235378
-0.09651304 -0.98063636 0.17040411
0.99226232 -0.08135994 0.09378725
-0.07810712 0.17813727 0.98090081
0.08877527
82
 -0.150749
 -0.265285
-0.0235127
-0.09651304 -0.98063636 0.17040411
0.99226232 -0.08135994 0.09378725
-0.07810712 0.17813727 0.98090081
0.08875313
83
 -0.150819
 -0.265417
-0.0234883
-0.09651304 -0.98063636 0.17040411
0.99226232 -0.08135994 0.09378725
-0.07810712 0.17813727 0.98090081
0.08873177
84
 -0.150888
 -0.265546
-0.0234644
-0.09651304 -0.98063636 0.17040411
0.99226232 -0.08135994 0.09378725
-0.07810712 0.17813727 0.98090081
0.08871117
85
 -0.150955
 -0.265672
-0.0234411
-0.09651304 -0.98063636 0.17040411
0.99226232 -0.08135994 0.09378725
-0.07810712 0.17813727 0.98090081
0.08869129
86
  -0.15102
 -0.265795
-0.0234183
-0.09651304 -0.98063636 0.17040411
0.99226232 -0.08135994 0.09378725
-0.07810712 0.17813727 0.98090081
0.08867209
87
-0.151084
-0.265915
-0.023396
-0.09651304 -0.98063636 0.17040411
0.99226232 -0.08135994 0.09378725
-0.07810712 0.17813727 0.98090081
0.08865355
88
 -0.151146
 -0.266033
-0.0233743
-0.09651304 -0.98063636 0.17040411
0.99226232 -0.08135994 0.09378725
-0.07810712 0.17813727 0.98090081
0.08863563
89
-0.151207
-0.266148
-0.023353
-0.09651304 -0.98063636 0.17040411
0.99226232 -0.08135994 0.09378725
-0.07810712 0.17813727 0.98090081
0.08861831
90
 -0.151267
  -0.26626
-0.0233322
-0.09651304 -0.98063636 0.17040411
0.99226232 -0.08135994 0.09378725
-0.07810712 0.17813727 0.98090081
0.08860156
91
 -0.151325
  -0.26637
-0.0233119
-0.09651304 -0.98063636 0.17040411
0.99226232 -0.08135994 0.09378725
-0.07810712 0.17813727 0.98090081
0.08858536
92
-0.151382
-0.266477
-0.023292
-0.09651304 -0.98063636 0.17040411
0.99226232 -0.08135994 0.09378725
-0.07810712 0.17813727 0.98090081
0.08856968
93
